$ANSIBLE_VAULT;1.1;AES256
30623930663063333538346538383539373763613436613036613236323534366136666433346538
6462356366356433656434366561396535376237323164660a363338646362656536376331303237
64323430636462316135333933376233613835336264323339393338643037626132306663333230
3265623965393036610a623431343535623365373734303331313031383037366664663132336333
62336338306139323538616538616536323035366634323832366664346662343261353237623564
37333536346662663838363539363631346138383766326439616361336439626236653564303263
62663261306530313063323862383632663834313033333438396563326266343435336431316661
65656333313463653935363732643931303762343137336463623737376663613366643630333331
30306561373965323231643563363764653439633462326166663734383838383564636438393862
38393531313436303837373562313530633939653262336434636164663437326461316237336165
38376130363261386139626331326132363237656133656436346166363037376630623265663262
39316161643435376639326430306330383134666462333630646631333434323330376532313934
65343062666432633637386334626239646161616335363538323930643633376536343037343035
66306362303633666137646331633839333535316439306133386138396235383363313239343635
38613063643631353430383732616166663864663262323033303431643462333038326466666332
35376431383562363035386237353765376237366234356162666336303733383461623563343535
31333862373737363663616361363063383936386361613131363866636361383838373363366230
30633261396232323466666339636663396535646538636138616261343238623638396364373131
38353838353737303233366163663564323633346462363936323731393731613533666331326539
36336632623265353433336162616363653231666461653163623637373730373761313733316464
65613861333130393566613063363431646334643938333761393461663738323763383966393262
33633330663066623934666435306534663636633339393966626434336164353061393331386362
30303332373564393561326265633936326136393835326534633234643037656465366339343762
30346530333635393361653832383732303034626461616435393939386466656538643236633233
63643036333864343830653438356265653734356133353135333164373462653362
